2024-11-22-16-56-45-791 -0.048556796 -0.998751880 -0.011701309 0.998773458 -0.048437575 -0.010265488 0.009685892 -0.012185416 0.999878842 741998.989364441 3391570.879707954 79.332020074
2024-11-22-16-56-45-811 -0.048554696 -0.998751897 -0.011708500 0.998773690 -0.048435565 -0.010252463 0.009672559 -0.012191947 0.999878892 741998.989364441 3391570.879707954 79.332020074
2024-11-22-16-56-45-831 -0.048550769 -0.998751855 -0.011728415 0.998773695 -0.048431200 -0.010272527 0.009691684 -0.012212771 0.999878452 741998.989364441 3391570.879707954 79.332020074
2024-11-22-16-56-45-852 -0.048548060 -0.998751814 -0.011743067 0.998773947 -0.048428493 -0.010260745 0.009679239 -0.012226809 0.999878401 741998.989364441 3391570.879707954 79.332020074
2024-11-22-16-56-45-871 -0.048549242 -0.998751737 -0.011744702 0.998773948 -0.048429731 -0.010254865 0.009673272 -0.012228168 0.999878442 741998.987387603 3391570.877766913 79.335713221
2024-11-22-16-56-45-891 -0.048556731 -0.998751319 -0.011749301 0.998773458 -0.048437014 -0.010268122 0.009686199 -0.012233476 0.999878252 741998.987387603 3391570.877766913 79.335713221
2024-11-22-16-56-45-911 -0.048556263 -0.998751464 -0.011738945 0.998773556 -0.048436746 -0.010259938 0.009678531 -0.012222732 0.999878458 741998.987387603 3391570.877766913 79.335713221
2024-11-22-16-56-45-931 -0.048556859 -0.998751387 -0.011743016 0.998773578 -0.048437365 -0.010254836 0.009673231 -0.012226557 0.999878463 741998.987387603 3391570.877766913 79.335713221
2024-11-22-16-56-45-952 -0.048556321 -0.998751450 -0.011739905 0.998773428 -0.048436637 -0.010272820 0.009691353 -0.012224315 0.999878314 741998.987387603 3391570.877766913 79.335713221
2024-11-22-16-56-45-971 -0.048557397 -0.998751526 -0.011728999 0.998773437 -0.048437901 -0.010266044 0.009685099 -0.012213105 0.999878512 741998.988824037 3391570.880804533 79.330723871
2024-11-22-16-56-45-991 -0.048558208 -0.998751507 -0.011727254 0.998773471 -0.048438822 -0.010258388 0.009677526 -0.012210999 0.999878611 741998.988824037 3391570.880804533 79.330723871
2024-11-22-16-56-46-011 -0.048560723 -0.998751331 -0.011731822 0.998773221 -0.048441130 -0.010271823 0.009690695 -0.012216236 0.999878420 741998.988824037 3391570.880804533 79.330723871
2024-11-22-16-56-46-031 -0.048555034 -0.998751511 -0.011739985 0.998773634 -0.048435530 -0.010258017 0.009676578 -0.012223666 0.999878466 741998.988824037 3391570.880804533 79.330723871
2024-11-22-16-56-46-054 -0.048554573 -0.998751577 -0.011736338 0.998773634 -0.048435078 -0.010260145 0.009678886 -0.012220121 0.999878487 741998.988824037 3391570.880804533 79.330723871
2024-11-22-16-56-46-071 -0.048557451 -0.998751536 -0.011727853 0.998773375 -0.048437893 -0.010272080 0.009691183 -0.012212253 0.999878464 741998.987694632 3391570.878057181 79.333910014
2024-11-22-16-56-46-091 -0.048559786 -0.998751591 -0.011713523 0.998773303 -0.048440427 -0.010267155 0.009686930 -0.012197725 0.999878682 741998.987694632 3391570.878057181 79.333910014
2024-11-22-16-56-46-111 -0.048559294 -0.998751893 -0.011689779 0.998773312 -0.048440160 -0.010267526 0.009688456 -0.012174023 0.999878956 741998.987694632 3391570.878057181 79.333910014
2024-11-22-16-56-46-131 -0.048561580 -0.998752066 -0.011665495 0.998773098 -0.048442566 -0.010276987 0.009699055 -0.012150249 0.999879143 741998.987694632 3391570.878057181 79.333910014
2024-11-22-16-56-46-152 -0.048559967 -0.998752286 -0.011653325 0.998773371 -0.048441322 -0.010256337 0.009679038 -0.012137078 0.999879497 741998.987694632 3391570.878057181 79.333910014
2024-11-22-16-56-46-171 -0.048549154 -0.998752738 -0.011659636 0.998773915 -0.048430469 -0.010254593 0.009677122 -0.012143192 0.999879441 741998.987571382 3391570.879445044 79.336278189
2024-11-22-16-56-46-191 -0.048545966 -0.998752787 -0.011668754 0.998773888 -0.048426960 -0.010273781 0.009695885 -0.012153197 0.999879138 741998.987571382 3391570.879445044 79.336278189
2024-11-22-16-56-46-211 -0.048534251 -0.998753085 -0.011691981 0.998774445 -0.048414992 -0.010276021 0.009697140 -0.012176391 0.999878843 741998.987571382 3391570.879445044 79.336278189
2024-11-22-16-56-46-231 -0.048521598 -0.998753623 -0.011698545 0.998775017 -0.048402219 -0.010280639 0.009701590 -0.012183048 0.999878719 741998.987571382 3391570.879445044 79.336278189
2024-11-22-16-56-46-252 -0.048517527 -0.998753671 -0.011711326 0.998775051 -0.048397812 -0.010298022 0.009718385 -0.012196615 0.999878390 741998.987571382 3391570.879445044 79.336278189
2024-11-22-16-56-46-271 -0.048509724 -0.998754079 -0.011708830 0.998775489 -0.048390110 -0.010291701 0.009712287 -0.012193740 0.999878485 741998.986941205 3391570.878337334 79.335353200
2024-11-22-16-56-46-291 -0.048500668 -0.998754610 -0.011701058 0.998776030 -0.048381262 -0.010280784 0.009701868 -0.012185362 0.999878688 741998.986941205 3391570.878337334 79.335353200
2024-11-22-16-56-46-311 -0.048495071 -0.998754870 -0.011702009 0.998776488 -0.048375889 -0.010261612 0.009682740 -0.012185329 0.999878874 741998.986941205 3391570.878337334 79.335353200
2024-11-22-16-56-46-331 -0.048497599 -0.998754835 -0.011694524 0.998776601 -0.048378791 -0.010236892 0.009658378 -0.012176682 0.999879215 741998.986941205 3391570.878337334 79.335353200
2024-11-22-16-56-46-352 -0.048507711 -0.998754246 -0.011702919 0.998776290 -0.048389043 -0.010218747 0.009639724 -0.012184286 0.999879302 741998.986941205 3391570.878337334 79.335353200
2024-11-22-16-56-46-371 -0.048517408 -0.998753560 -0.011721267 0.998775935 -0.048398698 -0.010207733 0.009627716 -0.012202172 0.999879200 741998.987599416 3391570.880584083 79.334437544
2024-11-22-16-56-46-391 -0.048523222 -0.998753120 -0.011734643 0.998775703 -0.048404438 -0.010203255 0.009622524 -0.012215371 0.999879089 741998.987599416 3391570.880584083 79.334437544
2024-11-22-16-56-46-411 -0.048533609 -0.998752445 -0.011749165 0.998775179 -0.048414651 -0.010206064 0.009624499 -0.012230111 0.999878889 741998.987599416 3391570.880584083 79.334437544
2024-11-22-16-56-46-431 -0.048544472 -0.998751835 -0.011756151 0.998774471 -0.048425213 -0.010225190 0.009643133 -0.012238120 0.999878612 741998.987599416 3391570.880584083 79.334437544
2024-11-22-16-56-46-452 -0.048544087 -0.998751886 -0.011753373 0.998774267 -0.048424575 -0.010248129 0.009666186 -0.012236453 0.999878410 741998.987599416 3391570.880584083 79.334437544
2024-11-22-16-56-46-471 -0.048544176 -0.998751946 -0.011747898 0.998773956 -0.048424331 -0.010279571 0.009697857 -0.012232507 0.999878151 741998.988494762 3391570.881309759 79.336060499
2024-11-22-16-56-46-491 -0.048540646 -0.998752343 -0.011728766 0.998773928 -0.048420748 -0.010299155 0.009718390 -0.012214313 0.999878174 741998.988494762 3391570.881309759 79.336060499
2024-11-22-16-56-46-511 -0.048536149 -0.998752707 -0.011716369 0.998774026 -0.048416227 -0.010310900 0.009730776 -0.012202456 0.999878199 741998.988494762 3391570.881309759 79.336060499
2024-11-22-16-56-46-531 -0.048525753 -0.998753259 -0.011712381 0.998774543 -0.048405890 -0.010309298 0.009729497 -0.012198294 0.999878262 741998.988494762 3391570.881309759 79.336060499
2024-11-22-16-56-46-552 -0.048515066 -0.998753821 -0.011708657 0.998775099 -0.048395288 -0.010305233 0.009725747 -0.012194274 0.999878347 741998.988494762 3391570.881309759 79.336060499
2024-11-22-16-56-46-571 -0.048507833 -0.998754029 -0.011720931 0.998775455 -0.048387936 -0.010305234 0.009725243 -0.012206463 0.999878204 741998.988855007 3391570.879333488 79.332868166
2024-11-22-16-56-46-591 -0.048511623 -0.998753727 -0.011730923 0.998775433 -0.048391826 -0.010289084 0.009708581 -0.012215698 0.999878253 741998.988855007 3391570.879333488 79.332868166
2024-11-22-16-56-46-611 -0.048510436 -0.998753832 -0.011726963 0.998775666 -0.048390901 -0.010270816 0.009690539 -0.012210847 0.999878487 741998.988855007 3391570.879333488 79.332868166
2024-11-22-16-56-46-631 -0.048512270 -0.998753771 -0.011724554 0.998775636 -0.048392834 -0.010264634 0.009684458 -0.012208160 0.999878579 741998.988855007 3391570.879333488 79.332868166
2024-11-22-16-56-46-652 -0.048517638 -0.998753684 -0.011709751 0.998775453 -0.048398451 -0.010255912 0.009676396 -0.012193005 0.999878842 741998.988855007 3391570.879333488 79.332868166
2024-11-22-16-56-46-671 -0.048521786 -0.998753753 -0.011686657 0.998775248 -0.048402831 -0.010255264 0.009676816 -0.012169947 0.999879119 741998.987701731 3391570.878214420 79.336139457
2024-11-22-16-56-46-691 -0.048529035 -0.998753484 -0.011679488 0.998774926 -0.048410191 -0.010251887 0.009673702 -0.012162694 0.999879237 741998.987701731 3391570.878214420 79.336139457
2024-11-22-16-56-46-711 -0.048536960 -0.998753180 -0.011672563 0.998774602 -0.048418263 -0.010245277 0.009667338 -0.012155534 0.999879386 741998.987701731 3391570.878214420 79.336139457
2024-11-22-16-56-46-731 -0.048543062 -0.998752794 -0.011680226 0.998774361 -0.048424355 -0.010240007 0.009661628 -0.012162992 0.999879350 741998.987701731 3391570.878214420 79.336139457
2024-11-22-16-56-46-752 -0.048546252 -0.998752497 -0.011692351 0.998774248 -0.048427474 -0.010236270 0.009657269 -0.012174952 0.999879247 741998.987701731 3391570.878214420 79.336139457
2024-11-22-16-56-46-771 -0.048546883 -0.998752311 -0.011705602 0.998774252 -0.048428013 -0.010233315 0.009653668 -0.012188050 0.999879122 741998.988048818 3391570.880616941 79.334809431
2024-11-22-16-56-46-791 -0.048543409 -0.998752343 -0.011717290 0.998774434 -0.048424436 -0.010232530 0.009652360 -0.012199652 0.999878993 741998.988048818 3391570.880616941 79.334809431
2024-11-22-16-56-46-811 -0.048531908 -0.998752823 -0.011724021 0.998774915 -0.048412769 -0.010240799 0.009660435 -0.012206664 0.999878829 741998.988048818 3391570.880616941 79.334809431
2024-11-22-16-56-46-831 -0.048523990 -0.998753146 -0.011729266 0.998775140 -0.048404596 -0.010257456 0.009676916 -0.012212632 0.999878597 741998.988048818 3391570.880616941 79.334809431
2024-11-22-16-56-46-852 -0.048516700 -0.998753619 -0.011719107 0.998775444 -0.048397349 -0.010261976 0.009682012 -0.012202633 0.999878670 741998.988048818 3391570.880616941 79.334809431
2024-11-22-16-56-46-871 -0.048513822 -0.998753826 -0.011713451 0.998775462 -0.048394376 -0.010274251 0.009694583 -0.012197551 0.999878610 741998.989132477 3391570.879890391 79.333457922
2024-11-22-16-56-46-891 -0.048511846 -0.998753754 -0.011727762 0.998775320 -0.048391954 -0.010299437 0.009719072 -0.012213044 0.999878183 741998.989132477 3391570.879890391 79.333457922
2024-11-22-16-56-46-911 -0.048508225 -0.998753783 -0.011740216 0.998775424 -0.048388113 -0.010307448 0.009726516 -0.012225836 0.999877954 741998.989132477 3391570.879890391 79.333457922
2024-11-22-16-56-46-931 -0.048516593 -0.998753167 -0.011758083 0.998774862 -0.048396101 -0.010324347 0.009742429 -0.012244580 0.999877570 741998.989132477 3391570.879890391 79.333457922
2024-11-22-16-56-46-952 -0.048532977 -0.998752231 -0.011769931 0.998773930 -0.048412189 -0.010339053 0.009756344 -0.012257285 0.999877279 741998.989132477 3391570.879890391 79.333457922
2024-11-22-16-56-46-971 -0.048539580 -0.998751917 -0.011769303 0.998773711 -0.048418926 -0.010328699 0.009745951 -0.012256221 0.999877393 741998.986722585 3391570.879939664 79.336792508
2024-11-22-16-56-46-991 -0.048545580 -0.998751665 -0.011765943 0.998773644 -0.048425243 -0.010305527 0.009722894 -0.012251802 0.999877672 741998.986722585 3391570.879939664 79.336792508
2024-11-22-16-56-47-011 -0.048548829 -0.998751724 -0.011747554 0.998773466 -0.048428655 -0.010306777 0.009724993 -0.012233527 0.999877875 741998.986722585 3391570.879939664 79.336792508
2024-11-22-16-56-47-031 -0.048551507 -0.998751840 -0.011726623 0.998773480 -0.048431731 -0.010290890 0.009710104 -0.012211878 0.999878285 741998.986722585 3391570.879939664 79.336792508
2024-11-22-16-56-47-053 -0.048546876 -0.998752230 -0.011712550 0.998773947 -0.048427549 -0.010265234 0.009685215 -0.012196535 0.999878713 741998.986722585 3391570.879939664 79.336792508
2024-11-22-16-56-47-075 -0.048537822 -0.998752734 -0.011707092 0.998774416 -0.048418588 -0.010261921 0.009682280 -0.012190836 0.999878811 741998.988336320 3391570.879986580 79.334124740
2024-11-22-16-56-47-091 -0.048528030 -0.998753160 -0.011711311 0.998775068 -0.048408977 -0.010243754 0.009664049 -0.012194074 0.999878948 741998.988336320 3391570.879986580 79.334124740
2024-11-22-16-56-47-111 -0.048523457 -0.998753449 -0.011705640 0.998775363 -0.048404554 -0.010235905 0.009656539 -0.012187986 0.999879095 741998.988336320 3391570.879986580 79.334124740
2024-11-22-16-56-47-132 -0.048524239 -0.998753356 -0.011710345 0.998775169 -0.048405091 -0.010252300 0.009672679 -0.012193487 0.999878872 741998.988336320 3391570.879986580 79.334124740
2024-11-22-16-56-47-152 -0.048516992 -0.998753676 -0.011713073 0.998775602 -0.048397920 -0.010243955 0.009664300 -0.012195737 0.999878925 741998.988336320 3391570.879986580 79.334124740
2024-11-22-16-56-47-171 -0.048512067 -0.998753990 -0.011706728 0.998775897 -0.048393131 -0.010237751 0.009658469 -0.012189052 0.999879063 741998.988324410 3391570.879300778 79.334657994
2024-11-22-16-56-47-191 -0.048512851 -0.998754009 -0.011701833 0.998775620 -0.048393663 -0.010262236 0.009683155 -0.012185356 0.999878869 741998.988324410 3391570.879300778 79.334657994
2024-11-22-16-56-47-211 -0.048515988 -0.998753971 -0.011692024 0.998775390 -0.048396804 -0.010269826 0.009691172 -0.012175957 0.999878906 741998.988324410 3391570.879300778 79.334657994
2024-11-22-16-56-47-231 -0.048523628 -0.998753616 -0.011690711 0.998775090 -0.048404546 -0.010262490 0.009683816 -0.012174364 0.999878997 741998.988324410 3391570.879300778 79.334657994
2024-11-22-16-56-47-252 -0.048527781 -0.998753259 -0.011703925 0.998774711 -0.048408339 -0.010281520 0.009702134 -0.012188524 0.999878647 741998.988324410 3391570.879300778 79.334657994
2024-11-22-16-56-47-271 -0.048529198 -0.998753013 -0.011719085 0.998774533 -0.048409463 -0.010293462 0.009713311 -0.012204257 0.999878346 741998.986393945 3391570.880157286 79.334380507
2024-11-22-16-56-47-291 -0.048539377 -0.998752413 -0.011728011 0.998774034 -0.048419542 -0.010294548 0.009713840 -0.012213324 0.999878231 741998.986393945 3391570.880157286 79.334380507
2024-11-22-16-56-47-311 -0.048546622 -0.998751843 -0.011746542 0.998773560 -0.048426442 -0.010308047 0.009726338 -0.012232557 0.999877874 741998.986393945 3391570.880157286 79.334380507
2024-11-22-16-56-47-331 -0.048546282 -0.998751649 -0.011764467 0.998773503 -0.048425824 -0.010316479 0.009733896 -0.012250865 0.999877576 741998.986393945 3391570.880157286 79.334380507
2024-11-22-16-56-47-352 -0.048542468 -0.998751731 -0.011773255 0.998773806 -0.048422069 -0.010304731 0.009721783 -0.012259036 0.999877594 741998.986393945 3391570.880157286 79.334380507
2024-11-22-16-56-47-371 -0.048538150 -0.998751973 -0.011770453 0.998773981 -0.048417737 -0.010308111 0.009725348 -0.012256359 0.999877592 741998.988531326 3391570.880359118 79.332434200
2024-11-22-16-56-47-391 -0.048538190 -0.998751913 -0.011775400 0.998774014 -0.048417770 -0.010304760 0.009721761 -0.012261138 0.999877568 741998.988531326 3391570.880359118 79.332434200
2024-11-22-16-56-47-411 -0.048527286 -0.998752399 -0.011779120 0.998774699 -0.048407024 -0.010288883 0.009705854 -0.012263979 0.999877688 741998.988531326 3391570.880359118 79.332434200
2024-11-22-16-56-47-431 -0.048516654 -0.998752763 -0.011792064 0.998775280 -0.048396342 -0.010282720 0.009699202 -0.012276505 0.999877599 741998.988531326 3391570.880359118 79.332434200
2024-11-22-16-56-47-452 -0.048511890 -0.998752939 -0.011796741 0.998775469 -0.048391477 -0.010287214 0.009703524 -0.012281348 0.999877498 741998.988531326 3391570.880359118 79.332434200
2024-11-22-16-56-47-471 -0.048515573 -0.998752834 -0.011790505 0.998775501 -0.048395490 -0.010265261 0.009681851 -0.012274093 0.999877797 741998.987837974 3391570.880273953 79.334736376
2024-11-22-16-56-47-491 -0.048521312 -0.998752565 -0.011789707 0.998775277 -0.048401306 -0.010259628 0.009676192 -0.012273079 0.999877864 741998.987837974 3391570.880273953 79.334736376
2024-11-22-16-56-47-511 -0.048520367 -0.998752630 -0.011788003 0.998775218 -0.048400246 -0.010270370 0.009687016 -0.012271888 0.999877774 741998.987837974 3391570.880273953 79.334736376
2024-11-22-16-56-47-531 -0.048524689 -0.998752626 -0.011770562 0.998775097 -0.048404860 -0.010260359 0.009677809 -0.012254025 0.999878082 741998.987837974 3391570.880273953 79.334736376
2024-11-22-16-56-47-553 -0.048532681 -0.998752561 -0.011743116 0.998774642 -0.048413048 -0.010266044 0.009684718 -0.012226965 0.999878346 741998.987837974 3391570.880273953 79.334736376
2024-11-22-16-56-47-571 -0.048538528 -0.998752520 -0.011722406 0.998774245 -0.048418965 -0.010276736 0.009696330 -0.012206855 0.999878480 741998.987738612 3391570.880762729 79.331152882
2024-11-22-16-56-47-591 -0.048534663 -0.998752903 -0.011705773 0.998774464 -0.048415311 -0.010272628 0.009693078 -0.012190005 0.999878717 741998.987738612 3391570.880762729 79.331152882
2024-11-22-16-56-47-611 -0.048531070 -0.998753002 -0.011712226 0.998774644 -0.048411659 -0.010272349 0.009692531 -0.012196402 0.999878644 741998.987738612 3391570.880762729 79.331152882
2024-11-22-16-56-47-631 -0.048534682 -0.998752819 -0.011712862 0.998774256 -0.048414996 -0.010294388 0.009714471 -0.012198140 0.999878410 741998.987738612 3391570.880762729 79.331152882
2024-11-22-16-56-47-652 -0.048538094 -0.998752596 -0.011717702 0.998774157 -0.048418442 -0.010287735 0.009707550 -0.012202685 0.999878422 741998.987738612 3391570.880762729 79.331152882
2024-11-22-16-56-47-671 -0.048536011 -0.998752607 -0.011725386 0.998774174 -0.048416175 -0.010296798 0.009716256 -0.012210778 0.999878238 741998.989421767 3391570.880272105 79.334086240
2024-11-22-16-56-47-691 -0.048527818 -0.998752924 -0.011732331 0.998774399 -0.048407693 -0.010314828 0.009734029 -0.012218508 0.999877971 741998.989421767 3391570.880272105 79.334086240
2024-11-22-16-56-47-711 -0.048523535 -0.998753088 -0.011736078 0.998774713 -0.048403506 -0.010304045 0.009723129 -0.012221687 0.999878038 741998.989421767 3391570.880272105 79.334086240
2024-11-22-16-56-47-731 -0.048519693 -0.998753287 -0.011735072 0.998774953 -0.048399742 -0.010298417 0.009717603 -0.012220372 0.999878108 741998.989421767 3391570.880272105 79.334086240
2024-11-22-16-56-47-752 -0.048516718 -0.998753310 -0.011745403 0.998775070 -0.048396627 -0.010301729 0.009720448 -0.012230822 0.999877952 741998.989421767 3391570.880272105 79.334086240
2024-11-22-16-56-47-771 -0.048516884 -0.998753098 -0.011762721 0.998775222 -0.048396815 -0.010286145 0.009704041 -0.012247366 0.999877909 741998.988677150 3391570.880202770 79.333412694
2024-11-22-16-56-47-791 -0.048520754 -0.998752588 -0.011790048 0.998775137 -0.048400533 -0.010276918 0.009693454 -0.012274251 0.999877682 741998.988677150 3391570.880202770 79.333412694
2024-11-22-16-56-47-811 -0.048526926 -0.998752180 -0.011799206 0.998774752 -0.048406503 -0.010286174 0.009702180 -0.012283906 0.999877479 741998.988677150 3391570.880202770 79.333412694
2024-11-22-16-56-47-831 -0.048541182 -0.998751423 -0.011804594 0.998774233 -0.048420922 -0.010268662 0.009684251 -0.012288577 0.999877596 741998.988677150 3391570.880202770 79.333412694
2024-11-22-16-56-47-852 -0.048545918 -0.998751281 -0.011797131 0.998774093 -0.048425848 -0.010259065 0.009674968 -0.012280705 0.999877782 741998.988677150 3391570.880202770 79.333412694
2024-11-22-16-56-47-871 -0.048545327 -0.998751373 -0.011791790 0.998774012 -0.048425172 -0.010270177 0.009686334 -0.012275902 0.999877731 741998.989593148 3391570.879254414 79.339101590
2024-11-22-16-56-47-891 -0.048545152 -0.998751389 -0.011791117 0.998774182 -0.048425209 -0.010253450 0.009669660 -0.012274418 0.999877911 741998.989593148 3391570.879254414 79.339101590
2024-11-22-16-56-47-911 -0.048544431 -0.998751646 -0.011772359 0.998774245 -0.048424717 -0.010249584 0.009666716 -0.012255489 0.999878171 741998.989593148 3391570.879254414 79.339101590
2024-11-22-16-56-47-931 -0.048547281 -0.998751426 -0.011779261 0.998773893 -0.048427225 -0.010272069 0.009688807 -0.012263500 0.999877859 741998.989593148 3391570.879254414 79.339101590
2024-11-22-16-56-47-952 -0.048544613 -0.998751639 -0.011772198 0.998774094 -0.048424720 -0.010264283 0.009681405 -0.012256042 0.999878022 741998.989593148 3391570.879254414 79.339101590
2024-11-22-16-56-47-971 -0.048538424 -0.998751935 -0.011772565 0.998774372 -0.048418500 -0.010266567 0.009683744 -0.012256459 0.999877995 741998.988705634 3391570.879321199 79.334369846
2024-11-22-16-56-47-991 -0.048530282 -0.998752348 -0.011771122 0.998774500 -0.048410035 -0.010294015 0.009711331 -0.012256268 0.999877729 741998.988705634 3391570.879321199 79.334369846
2024-11-22-16-56-48-011 -0.048526602 -0.998752758 -0.011751516 0.998774646 -0.048406516 -0.010296410 0.009714718 -0.012236766 0.999877935 741998.988705634 3391570.879321199 79.334369846
2024-11-22-16-56-48-031 -0.048526081 -0.998752920 -0.011739820 0.998774659 -0.048406100 -0.010297091 0.009715970 -0.012225112 0.999878066 741998.988705634 3391570.879321199 79.334369846
2024-11-22-16-56-48-054 -0.048526572 -0.998753081 -0.011724088 0.998774463 -0.048406537 -0.010314056 0.009733673 -0.012210225 0.999878076 741998.988705634 3391570.879321199 79.334369846
2024-11-22-16-56-48-077 -0.048530827 -0.998752979 -0.011715191 0.998774390 -0.048411052 -0.010299869 0.009719880 -0.012200694 0.999878326 741998.990551370 3391570.881092004 79.336389980
2024-11-22-16-56-48-091 -0.048536535 -0.998752766 -0.011709680 0.998774175 -0.048416894 -0.010293275 0.009713491 -0.012194926 0.999878459 741998.990551370 3391570.881092004 79.336389980
2024-11-22-16-56-48-111 -0.048542316 -0.998752416 -0.011715629 0.998773785 -0.048422477 -0.010304840 0.009724684 -0.012201484 0.999878270 741998.990551370 3391570.881092004 79.336389980
2024-11-22-16-56-48-131 -0.048546094 -0.998752165 -0.011721358 0.998773713 -0.048426335 -0.010293706 0.009713239 -0.012206703 0.999878317 741998.990551370 3391570.881092004 79.336389980
2024-11-22-16-56-48-152 -0.048545105 -0.998751995 -0.011739928 0.998773875 -0.048425297 -0.010282876 0.009701533 -0.012224716 0.999878211 741998.990551370 3391570.881092004 79.336389980
2024-11-22-16-56-48-171 -0.048543476 -0.998751867 -0.011757488 0.998773820 -0.048423319 -0.010297493 0.009715304 -0.012242948 0.999877854 741998.990312890 3391570.880229769 79.334289307
2024-11-22-16-56-48-191 -0.048553882 -0.998751309 -0.011761911 0.998773547 -0.048433973 -0.010273812 0.009691307 -0.012246319 0.999878046 741998.990312890 3391570.880229769 79.334289307
2024-11-22-16-56-48-212 -0.048557909 -0.998751015 -0.011770321 0.998773393 -0.048437965 -0.010269990 0.009687033 -0.012254572 0.999877986 741998.990312890 3391570.880229769 79.334289307
2024-11-22-16-56-48-231 -0.048555119 -0.998751140 -0.011771184 0.998773440 -0.048435054 -0.010279193 0.009696217 -0.012255853 0.999877881 741998.990312890 3391570.880229769 79.334289307
2024-11-22-16-56-48-252 -0.048550593 -0.998751267 -0.011779075 0.998773768 -0.048430584 -0.010268331 0.009685041 -0.012263165 0.999877900 741998.990312890 3391570.880229769 79.334289307
2024-11-22-16-56-48-271 -0.048544127 -0.998751686 -0.011770152 0.998774134 -0.048424275 -0.010262527 0.009679755 -0.012253908 0.999878065 741998.991350965 3391570.881933688 79.331263413
2024-11-22-16-56-48-291 -0.048544636 -0.998751617 -0.011773920 0.998774034 -0.048424651 -0.010270481 0.009687512 -0.012258062 0.999877939 741998.991350965 3391570.881933688 79.331263413
2024-11-22-16-56-48-311 -0.048539223 -0.998751754 -0.011784663 0.998774325 -0.048419163 -0.010268060 0.009684640 -0.012268623 0.999877837 741998.991350965 3391570.881933688 79.331263413
2024-11-22-16-56-48-332 -0.048530761 -0.998752002 -0.011798473 0.998774815 -0.048410660 -0.010260462 0.009676485 -0.012281966 0.999877752 741998.991350965 3391570.881933688 79.331263413
2024-11-22-16-56-48-353 -0.048524597 -0.998752199 -0.011807119 0.998774908 -0.048404147 -0.010282078 0.009697734 -0.012291588 0.999877428 741998.991350965 3391570.881933688 79.331263413
2024-11-22-16-56-48-371 -0.048535529 -0.998751792 -0.011796585 0.998774415 -0.048415234 -0.010277771 0.009693807 -0.012280965 0.999877597 741998.990165379 3391570.881854020 79.330643957
2024-11-22-16-56-48-391 -0.048545651 -0.998751587 -0.011772325 0.998773914 -0.048425592 -0.010277682 0.009694769 -0.012256828 0.999877883 741998.990165379 3391570.881854020 79.330643957
2024-11-22-16-56-48-411 -0.048544183 -0.998751782 -0.011761783 0.998773822 -0.048424028 -0.010293961 0.009711559 -0.012247073 0.999877840 741998.990165379 3391570.881854020 79.330643957
2024-11-22-16-56-48-431 -0.048545872 -0.998751948 -0.011740730 0.998773805 -0.048426015 -0.010286295 0.009704901 -0.012225691 0.999878166 741998.990165379 3391570.881854020 79.330643957
2024-11-22-16-56-48-452 -0.048546255 -0.998752278 -0.011711072 0.998773796 -0.048426715 -0.010283860 0.009703900 -0.012195955 0.999878539 741998.990165379 3391570.881854020 79.330643957
2024-11-22-16-56-48-471 -0.048548493 -0.998752221 -0.011706646 0.998773538 -0.048428811 -0.010299019 0.009719230 -0.012192290 0.999878435 741998.989353409 3391570.879507797 79.331530929
2024-11-22-16-56-48-491 -0.048550094 -0.998752152 -0.011705835 0.998773535 -0.048430514 -0.010291339 0.009711577 -0.012191124 0.999878524 741998.989353409 3391570.879507797 79.331530929
2024-11-22-16-56-48-511 -0.048549307 -0.998752045 -0.011718211 0.998773750 -0.048429823 -0.010273643 0.009693311 -0.012202620 0.999878561 741998.989353409 3391570.879507797 79.331530929
2024-11-22-16-56-48-531 -0.048549863 -0.998751974 -0.011721959 0.998773628 -0.048430220 -0.010283670 0.009703139 -0.012206854 0.999878414 741998.989353409 3391570.879507797 79.331530929
2024-11-22-16-56-48-553 -0.048549412 -0.998751919 -0.011728515 0.998773800 -0.048429891 -0.010268496 0.009687670 -0.012212663 0.999878493 741998.989353409 3391570.879507797 79.331530929
2024-11-22-16-56-48-571 -0.048545098 -0.998752135 -0.011728029 0.998774115 -0.048425716 -0.010257521 0.009676783 -0.012211604 0.999878611 741998.989380695 3391570.879831908 79.330909495
2024-11-22-16-56-48-591 -0.048539926 -0.998752343 -0.011731723 0.998774254 -0.048420364 -0.010269227 0.009688361 -0.012215811 0.999878447 741998.989380695 3391570.879831908 79.330909495
2024-11-22-16-56-48-611 -0.048536382 -0.998752550 -0.011728784 0.998774469 -0.048416905 -0.010264618 0.009683942 -0.012212618 0.999878529 741998.989380695 3391570.879831908 79.330909495
2024-11-22-16-56-48-631 -0.048536462 -0.998752693 -0.011716192 0.998774568 -0.048417244 -0.010253396 0.009673341 -0.012199498 0.999878792 741998.989380695 3391570.879831908 79.330909495
2024-11-22-16-56-48-652 -0.048539933 -0.998752403 -0.011726564 0.998774282 -0.048420461 -0.010266043 0.009685430 -0.012210504 0.999878541 741998.989380695 3391570.879831908 79.330909495
2024-11-22-16-56-48-671 -0.048543727 -0.998752077 -0.011738619 0.998774114 -0.048424151 -0.010264986 0.009683743 -0.012222529 0.999878410 741998.988692709 3391570.881889123 79.331362037
2024-11-22-16-56-48-691 -0.048548920 -0.998751613 -0.011756646 0.998773916 -0.048429226 -0.010260312 0.009678138 -0.012240359 0.999878246 741998.988692709 3391570.881889123 79.331362037
2024-11-22-16-56-48-711 -0.048552762 -0.998751231 -0.011773201 0.998773468 -0.048432568 -0.010288119 0.009705065 -0.012258277 0.999877766 741998.988692709 3391570.881889123 79.331362037
2024-11-22-16-56-48-731 -0.048557363 -0.998750908 -0.011781591 0.998773261 -0.048437101 -0.010286931 0.009703415 -0.012266644 0.999877679 741998.988692709 3391570.881889123 79.331362037
2024-11-22-16-56-48-752 -0.048556583 -0.998750889 -0.011786434 0.998773329 -0.048436310 -0.010284036 0.009700299 -0.012271333 0.999877652 741998.988692709 3391570.881889123 79.331362037
2024-11-22-16-56-48-771 -0.048552465 -0.998751112 -0.011784539 0.998773378 -0.048432022 -0.010299404 0.009715792 -0.012270145 0.999877516 741998.988930457 3391570.879845493 79.330245021
2024-11-22-16-56-48-791 -0.048547772 -0.998751467 -0.011773779 0.998773677 -0.048427529 -0.010291606 0.009708582 -0.012258975 0.999877723 741998.988930457 3391570.879845493 79.330245021
2024-11-22-16-56-48-811 -0.048548158 -0.998751652 -0.011756433 0.998773752 -0.048428212 -0.010281123 0.009698945 -0.012241146 0.999878035 741998.988930457 3391570.879845493 79.330245021
2024-11-22-16-56-48-831 -0.048549821 -0.998751533 -0.011759656 0.998773598 -0.048429750 -0.010288782 0.009706420 -0.012244752 0.999877918 741998.988930457 3391570.879845493 79.330245021
2024-11-22-16-56-48-853 -0.048549845 -0.998751572 -0.011756241 0.998773696 -0.048429933 -0.010278440 0.009696254 -0.012240841 0.999878065 741998.988930457 3391570.879845493 79.330245021
2024-11-22-16-56-48-871 -0.048547182 -0.998751599 -0.011764972 0.998773997 -0.048427399 -0.010261064 0.009678507 -0.012248693 0.999878141 741998.989070760 3391570.879520649 79.331875313
2024-11-22-16-56-48-891 -0.048545036 -0.998751714 -0.011764055 0.998774013 -0.048425151 -0.010270091 0.009687595 -0.012248194 0.999878059 741998.989070760 3391570.879520649 79.331875313
2024-11-22-16-56-48-911 -0.048552583 -0.998751462 -0.011754321 0.998773753 -0.048432932 -0.010258748 0.009676643 -0.012237996 0.999878290 741998.989070760 3391570.879520649 79.331875313
2024-11-22-16-56-48-931 -0.048558081 -0.998751380 -0.011738522 0.998773520 -0.048438635 -0.010254462 0.009673060 -0.012222062 0.999878519 741998.989070760 3391570.879520649 79.331875313
2024-11-22-16-56-48-952 -0.048552850 -0.998751760 -0.011727847 0.998773600 -0.048433294 -0.010271909 0.009691069 -0.012212194 0.999878465 741998.989070760 3391570.879520649 79.331875313
2024-11-22-16-56-48-971 -0.048552583 -0.998751880 -0.011718710 0.998773638 -0.048433152 -0.010268907 0.009688516 -0.012202921 0.999878603 741998.987800845 3391570.878459267 79.334127331
2024-11-22-16-56-48-991 -0.048553856 -0.998751987 -0.011704298 0.998773648 -0.048434664 -0.010260752 0.009681052 -0.012188144 0.999878856 741998.987800845 3391570.878459267 79.334127331
2024-11-22-16-56-49-011 -0.048559603 -0.998751725 -0.011702892 0.998773245 -0.048440269 -0.010273489 0.009693774 -0.012187412 0.999878742 741998.987800845 3391570.878459267 79.334127331
2024-11-22-16-56-49-031 -0.048561991 -0.998751541 -0.011708620 0.998773165 -0.048442643 -0.010270160 0.009690141 -0.012192995 0.999878709 741998.987800845 3391570.878459267 79.334127331
2024-11-22-16-56-49-054 -0.048558487 -0.998751488 -0.011727658 0.998773467 -0.048439110 -0.010257439 0.009676556 -0.012211359 0.999878616 741998.987800845 3391570.878459267 79.334127331
2024-11-22-16-56-49-076 -0.048559479 -0.998751282 -0.011741151 0.998773301 -0.048439815 -0.010270214 0.009688650 -0.012225464 0.999878327 741998.988766763 3391570.881104747 79.325958082
2024-11-22-16-56-49-091 -0.048561723 -0.998751126 -0.011745072 0.998773327 -0.048442189 -0.010256498 0.009674732 -0.012228738 0.999878421 741998.988766763 3391570.881104747 79.325958082
2024-11-22-16-56-49-111 -0.048561360 -0.998751183 -0.011741766 0.998773342 -0.048441857 -0.010256561 0.009674959 -0.012225435 0.999878460 741998.988766763 3391570.881104747 79.325958082
2024-11-22-16-56-49-131 -0.048558422 -0.998751258 -0.011747554 0.998773302 -0.048438628 -0.010275730 0.009693863 -0.012232116 0.999878195 741998.988766763 3391570.881104747 79.325958082
2024-11-22-16-56-49-153 -0.048559801 -0.998751167 -0.011749562 0.998773387 -0.048440179 -0.010260127 0.009678163 -0.012233379 0.999878331 741998.988766763 3391570.881104747 79.325958082
2024-11-22-16-56-49-171 -0.048557497 -0.998751379 -0.011741065 0.998773526 -0.048437996 -0.010256911 0.009675390 -0.012224715 0.999878464 741998.987513539 3391570.880932410 79.327830064
2024-11-22-16-56-49-191 -0.048560803 -0.998751021 -0.011757819 0.998773197 -0.048440917 -0.010275179 0.009692786 -0.012242365 0.999878080 741998.987513539 3391570.880932410 79.327830064
2024-11-22-16-56-49-211 -0.048559659 -0.998750935 -0.011769833 0.998773302 -0.048439712 -0.010270590 0.009687634 -0.012254132 0.999877986 741998.987513539 3391570.880932410 79.327830064
2024-11-22-16-56-49-231 -0.048556003 -0.998750881 -0.011789482 0.998773582 -0.048435984 -0.010260948 0.009677096 -0.012273254 0.999877853 741998.987513539 3391570.880932410 79.327830064
2024-11-22-16-56-49-253 -0.048556210 -0.998750693 -0.011804586 0.998773486 -0.048435926 -0.010270592 0.009685995 -0.012288809 0.999877576 741998.987513539 3391570.880932410 79.327830064
2024-11-22-16-56-49-271 -0.048562084 -0.998750507 -0.011796123 0.998773377 -0.048442112 -0.010251947 0.009667708 -0.012279509 0.999877867 741998.988461287 3391570.880105445 79.328948761
2024-11-22-16-56-49-291 -0.048561585 -0.998750677 -0.011783808 0.998773484 -0.048441843 -0.010242851 0.009659225 -0.012266764 0.999878106 741998.988461287 3391570.880105445 79.328948761
2024-11-22-16-56-49-311 -0.048552311 -0.998751221 -0.011775855 0.998773816 -0.048432501 -0.010254651 0.009671511 -0.012259302 0.999878078 741998.988461287 3391570.880105445 79.328948761
2024-11-22-16-56-49-331 -0.048547261 -0.998751602 -0.011764386 0.998774180 -0.048427721 -0.010241696 0.009659188 -0.012247172 0.999878346 741998.988461287 3391570.880105445 79.328948761
2024-11-22-16-56-49-352 -0.048546605 -0.998751775 -0.011752412 0.998774258 -0.048427246 -0.010236391 0.009654477 -0.012234948 0.999878541 741998.988461287 3391570.880105445 79.328948761
2024-11-22-16-56-49-371 -0.048550460 -0.998751668 -0.011745536 0.998773916 -0.048430974 -0.010252099 0.009670454 -0.012228879 0.999878461 741998.988685713 3391570.880241015 79.330858558
2024-11-22-16-56-49-391 -0.048551664 -0.998751646 -0.011742470 0.998773957 -0.048432335 -0.010241708 0.009660207 -0.012225325 0.999878604 741998.988685713 3391570.880241015 79.330858558
2024-11-22-16-56-49-411 -0.048548577 -0.998751595 -0.011759552 0.998773993 -0.048428930 -0.010254243 0.009671939 -0.012242963 0.999878274 741998.988685713 3391570.880241015 79.330858558
2024-11-22-16-56-49-431 -0.048545257 -0.998751907 -0.011746727 0.998774092 -0.048425663 -0.010260057 0.009678408 -0.012230404 0.999878365 741998.988685713 3391570.880241015 79.330858558
2024-11-22-16-56-49-453 -0.048544644 -0.998752057 -0.011736544 0.998774224 -0.048425284 -0.010248991 0.009667855 -0.012219691 0.999878598 741998.988685713 3391570.880241015 79.330858558
